# yamllint disable
ACC: 0.45187376725838263
end-of-epoch: true
epoch: 5
unixtime: 1742219960.497529
