# yamllint disable
ACC: 0.8649406210813602
end-of-epoch: true
epoch: 66
unixtime: 1742591621.597189
