# yamllint disable
ACC: 0.8737921369034447
end-of-epoch: true
epoch: 72
unixtime: 1742592056.8124468
