# yamllint disable
ACC: 0.18864060711919534
end-of-epoch: true
epoch: 5
unixtime: 1742472059.0094812
