# yamllint disable
ACC: 0.18864060711919534
end-of-epoch: true
epoch: 2
unixtime: 1742471911.3653874
