# yamllint disable
ACC: 0.8715792579479236
end-of-epoch: true
epoch: 73
unixtime: 1742592116.4467657
