# yamllint disable
ACC: 0.868481227410194
end-of-epoch: true
epoch: 71
unixtime: 1742591996.2442575
