# yamllint disable
ACC: 0.27383300460223536
end-of-epoch: true
epoch: 3
unixtime: 1742219714.5005326
