# yamllint disable
ACC: 0.18864060711919534
end-of-epoch: true
epoch: 3
unixtime: 1742471961.0650063
