# yamllint disable
ACC: 0.6710716633793556
end-of-epoch: true
epoch: 7
unixtime: 1742220193.1330152
