# yamllint disable
ACC: 0.8695139042561039
end-of-epoch: true
epoch: 67
unixtime: 1742591682.1533902
