# yamllint disable
ACC: 0.35608152531229453
end-of-epoch: true
epoch: 4
unixtime: 1742219846.587024
