# yamllint disable
ACC: 0.7338942939784381
end-of-epoch: true
epoch: 10
unixtime: 1742223034.8401241
