# yamllint disable
ACC: 0.8655307221361658
end-of-epoch: true
epoch: 63
unixtime: 1742591441.3265462
