# yamllint disable
ACC: 0.8703252932064616
end-of-epoch: true
epoch: 75
unixtime: 1742592237.3629844
