# yamllint disable
ACC: 0.18864060711919534
end-of-epoch: true
epoch: 4
unixtime: 1742472010.0541198
