# yamllint disable
ACC: 0.18852014696139252
end-of-epoch: true
epoch: 1
unixtime: 1742471862.912561
