# yamllint disable
ACC: 0.8673747879324334
end-of-epoch: true
epoch: 69
unixtime: 1742591802.7520487
