# yamllint disable
ACC: 0.8634653684443461
end-of-epoch: true
epoch: 65
unixtime: 1742591561.6965814
