# yamllint disable
ACC: 0.581328073635766
end-of-epoch: true
epoch: 6
unixtime: 1742220081.3535857
