# yamllint disable
ACC: 0.21143984220907297
end-of-epoch: true
epoch: 2
unixtime: 1742219601.7533658
