# yamllint disable
ACC: 0.18864060711919534
end-of-epoch: true
epoch: 6
unixtime: 1742472106.5701108
