# yamllint disable
ACC: 0.8647930958176587
end-of-epoch: true
epoch: 64
unixtime: 1742591501.1556096
