# yamllint disable
ACC: 0.7316239316239316
end-of-epoch: true
epoch: 9
unixtime: 1742220417.959049
