# yamllint disable
ACC: 0.1937541091387245
end-of-epoch: true
epoch: 1
unixtime: 1742219478.6562967
