# yamllint disable
ACC: 0.8629490300213911
end-of-epoch: true
epoch: 68
unixtime: 1742591742.2192366
