# yamllint disable
ACC: 0.7163050624589086
end-of-epoch: true
epoch: 8
unixtime: 1742220310.5704842
