# yamllint disable
ACC: 0.8667846868776278
end-of-epoch: true
epoch: 70
unixtime: 1742591934.9543316
