# yamllint disable
ACC: 0.875709965331563
end-of-epoch: true
epoch: 74
unixtime: 1742592176.6453326
